// -t 100000 --solver basic DescentSolverSPT DescentSolverLRPT DescentSolverEST_SPT DescentSolverEST_LRPT --instance ft06 ft10 ft20 la01 la02 la03 la04 la05 la06 la07 la08 la09 la10 la11 la12 la13 la14 la15 la16 la17 la18 la19 la20 la21 la22 la23 la24 la25 la26 la27 la28 la29 la30 la31 la32 la33 la34 la35 la36 la37 la38 la39 la40
                         basic                         DescentSolverSPT              DescentSolverLRPT             DescentSolverEST_SPT          DescentSolverEST_LRPT
instance size  best      runtime makespan ecart        runtime makespan ecart        runtime makespan ecart        runtime makespan ecart        runtime makespan ecart
ft06     6x6     55            1       60   9.1             62       73  32.7              9       63  14.5              7       72  30.9              5       57   3.6
ft10     10x10  930            0     1319  41.8            133     1293  39.0             28     1147  23.3              9     1017   9.4              4     1108  19.1
ft20     20x5  1165            0     1672  43.5            170     1887  62.0             44     1445  24.0              2     1267   8.8              5     1399  20.1
la01     10x5   666            0      858  28.8             20      748  12.3              5     1053  58.1              3      686   3.0              2      768  15.3
la02     10x5   655            0      904  38.0             33      952  45.3             10     1012  54.5              8      695   6.1              6      789  20.5
la03     10x5   597            0      775  29.8             17      799  33.8             10      877  46.9              4      666  11.6              4      747  25.1
la04     10x5   590            0      854  44.7             28      881  49.3             14      806  36.6              2      702  19.0              1      712  20.7
la05     10x5   593            0      629   6.1             17      905  52.6              9      796  34.2              0      610   2.9              0      593   0.0
la06     15x5   926            0     1015   9.6             39     1425  53.9              7     1282  38.4              7      963   4.0              2      961   3.8
la07     15x5   890            0     1096  23.1             52     1116  25.4             21     1201  34.9              2     1034  16.2              2      939   5.5
la08     15x5   863            0     1102  27.7             48     1443  67.2             16      993  15.1              2      933   8.1              1      895   3.7
la09     15x5   951            0     1024   7.7             32     1468  54.4             11     1185  24.6             11      975   2.5              3     1006   5.8
la10     15x5   958            0      958   0.0             63     1479  54.4             14     1131  18.1              1     1049   9.5              2      965   0.7
la11     20x5  1222            0     1297   6.1            144     2092  71.2              6     1573  28.7              4     1390  13.7              5     1320   8.0
la12     20x5  1039            0     1205  16.0             49     1559  50.0             22     1185  14.1              8     1108   6.6              5     1067   2.7
la13     20x5  1150            0     1154   0.3             98     1717  49.3             26     1357  18.0              5     1255   9.1              4     1159   0.8
la14     20x5  1292            0     1292   0.0             87     1918  48.5             14     1392   7.7              1     1427  10.4              1     1292   0.0
la15     20x5  1207            0     1586  31.4             57     1990  64.9              5     1689  39.9              4     1332  10.4              3     1427  18.2
la16     10x10  945            0     1327  40.4             51     1373  45.3              4     1323  40.0              4     1099  16.3              2     1054  11.5
la17     10x10  784            0      912  16.3             97     1188  51.5             28      858   9.4              5      905  15.4              4      831   6.0
la18     10x10  848            0     1024  20.8             73     1131  33.4              9     1063  25.4              3      981  15.7              5      945  11.4
la19     10x10  842            0     1058  25.7             96     1335  58.6             15     1004  19.2              4      909   8.0              4     1008  19.7
la20     10x10  902            0     1259  39.6             52     1420  57.4             20     1118  23.9              5      959   6.3              1      964   6.9
la21     15x10 1046            0     1555  48.7            393     1986  89.9             38     1729  65.3             10     1257  20.2              6     1357  29.7
la22     15x10  927            0     1360  46.7            373     1891 104.0            121     1502  62.0              6     1169  26.1             19     1181  27.4
la23     15x10 1032            0     1436  39.1            227     2213 114.4            139     1548  50.0              8     1141  10.6             20     1299  25.9
la24     15x10  935            0     1245  33.2            471     1909 104.2            129     1537  64.4             30     1157  23.7             54     1149  22.9
la25     15x10  977            0     1440  47.4            321     2095 114.4            141     1556  59.3             49     1267  29.7              3     1356  38.8
la26     20x10 1218            0     1759  44.4           1303     2150  76.5             65     2036  67.2             31     1420  16.6             54     1452  19.2
la27     20x10 1235            0     1791  45.0           1082     2868 132.2            173     1907  54.4             26     1705  38.1             15     1530  23.9
la28     20x10 1216            0     1642  35.0           1216     3083 153.5            131     1958  61.0              7     1541  26.7              6     1532  26.0
la29     20x10 1152            0     1686  46.4            839     2420 110.1             71     1956  69.8             41     1567  36.0             13     1561  35.5
la30     20x10 1355            0     1774  30.9            904     2608  92.5             99     2048  51.1             16     1666  23.0             32     1626  20.0
la31     30x10 1784            0     2215  24.2           3721     3580 100.7            271     2523  41.4             47     1827   2.4             28     1892   6.1
la32     30x10 1850            0     2421  30.9           3577     4040 118.4            250     2480  34.1             36     2183  18.0             32     2140  15.7
la33     30x10 1719            0     2139  24.4           2067     3596 109.2            260     2585  50.4             15     1917  11.5             38     1878   9.2
la34     30x10 1721            0     2284  32.7           3317     4229 145.7            187     2249  30.7             44     1961  13.9              6     1852   7.6
la35     30x10 1888            0     2498  32.3           2205     3411  80.7            250     2476  31.1             21     2108  11.7             41     2074   9.9
la36     15x15 1268            0     1677  32.3            530     2212  74.4            121     1526  20.3             22     1665  31.3             16     1484  17.0
la37     15x15 1397            0     2098  50.2            493     2614  87.1            104     1666  19.3             17     1605  14.9             19     1537  10.0
la38     15x15 1196            0     1766  47.7            614     1968  64.5            166     1416  18.4             21     1371  14.6             14     1394  16.6
la39     15x15 1233            0     1794  45.5            475     2546 106.5             44     1571  27.4              4     1599  29.7             15     1435  16.4
la40     15x15 1222            0     1728  41.4            479     2372  94.1            100     1539  25.9             17     1336   9.3             17     1380  12.9
AVG      -        -          0.0        -  29.9          607.6        -  74.1           74.6        -  36.1           13.2        -  15.2           12.1        -  14.4

// -t 100 --solver basic DescentSolverSPT DescentSolverLRPT DescentSolverEST_SPT DescentSolverEST_LRPT --instance ft06 ft10 ft20 la01 la02 la03 la04 la05 la06 la07 la08 la09 la10 la11 la12 la13 la14 la15 la16 la17 la18 la19 la20 la21 la22 la23 la24 la25 la26 la27 la28 la29 la30 la31 la32 la33 la34 la35 la36 la37 la38 la39 la40
                         basic                         DescentSolverSPT              DescentSolverLRPT             DescentSolverEST_SPT          DescentSolverEST_LRPT
instance size  best      runtime makespan ecart        runtime makespan ecart        runtime makespan ecart        runtime makespan ecart        runtime makespan ecart
ft06     6x6     55            1       60   9.1             48       73  32.7              9       63  14.5              8       72  30.9              6       57   3.6
ft10     10x10  930            0     1319  41.8            100     1760  89.2             40     1147  23.3             11     1017   9.4              4     1108  19.1
ft20     20x5  1165            0     1672  43.5            100     2199  88.8             82     1445  24.0              3     1267   8.8              7     1399  20.1
la01     10x5   666            0      858  28.8             42      748  12.3              9     1053  58.1             13      686   3.0              2      768  15.3
la02     10x5   655            0      904  38.0             16      952  45.3              5     1012  54.5              5      695   6.1              5      789  20.5
la03     10x5   597            0      775  29.8              7      799  33.8              5      877  46.9              2      666  11.6              1      747  25.1
la04     10x5   590            0      854  44.7             15      881  49.3             11      806  36.6              1      702  19.0              1      712  20.7
la05     10x5   593            0      629   6.1             14      905  52.6              6      796  34.2              1      610   2.9              0      593   0.0
la06     15x5   926            0     1015   9.6             50     1425  53.9              9     1282  38.4              9      963   4.0              2      961   3.8
la07     15x5   890            0     1096  23.1             45     1116  25.4             11     1201  34.9              1     1034  16.2              2      939   5.5
la08     15x5   863            0     1102  27.7             30     1443  67.2             23      993  15.1              1      933   8.1              1      895   3.7
la09     15x5   951            0     1024   7.7             52     1468  54.4             15     1185  24.6              4      975   2.5              4     1006   5.8
la10     15x5   958            0      958   0.0             57     1479  54.4              8     1131  18.1              1     1049   9.5              1      965   0.7
la11     20x5  1222            0     1297   6.1            102     2479 102.9             10     1573  28.7              6     1390  13.7              8     1320   8.0
la12     20x5  1039            0     1205  16.0             69     1559  50.0             35     1185  14.1              8     1108   6.6              5     1067   2.7
la13     20x5  1150            0     1154   0.3             69     1717  49.3             14     1357  18.0              3     1255   9.1              2     1159   0.8
la14     20x5  1292            0     1292   0.0             69     1918  48.5             16     1392   7.7              3     1427  10.4              2     1292   0.0
la15     20x5  1207            0     1586  31.4             51     1990  64.9              5     1689  39.9              5     1332  10.4              3     1427  18.2
la16     10x10  945            0     1327  40.4             50     1373  45.3              9     1323  40.0              4     1099  16.3              2     1054  11.5
la17     10x10  784            0      912  16.3             85     1188  51.5             28      858   9.4              3      905  15.4              3      831   6.0
la18     10x10  848            0     1024  20.8             73     1131  33.4             16     1063  25.4              2      981  15.7              8      945  11.4
la19     10x10  842            0     1058  25.7            100     1950 131.6             34     1004  19.2              5      909   8.0              6     1008  19.7
la20     10x10  902            0     1259  39.6             96     1420  57.4             40     1118  23.9              5      959   6.3              2      964   6.9
la21     15x10 1046            1     1555  48.7            102     3510 235.6             47     1729  65.3             10     1257  20.2              6     1357  29.7
la22     15x10  927            0     1360  46.7            100     3005 224.2            100     1519  63.9              5     1169  26.1             20     1181  27.4
la23     15x10 1032            1     1436  39.1            100     3250 214.9            100     1664  61.2             16     1141  10.6             20     1299  25.9
la24     15x10  935            0     1245  33.2            101     3610 286.1            100     1592  70.3             24     1157  23.7             88     1149  22.9
la25     15x10  977            0     1440  47.4            100     3576 266.0            100     1717  75.7             68     1267  29.7             12     1356  38.8
la26     20x10 1218            0     1759  44.4            112     6171 406.7             64     2036  67.2             34     1420  16.6             61     1452  19.2
la27     20x10 1235            0     1791  45.0            111     6285 408.9            100     2037  64.9             26     1705  38.1              9     1530  23.9
la28     20x10 1216            0     1642  35.0            108     5645 364.2            100     2031  67.0              8     1541  26.7              5     1532  26.0
la29     20x10 1152            0     1686  46.4            108     4607 299.9             87     1956  69.8             75     1567  36.0             22     1561  35.5
la30     20x10 1355            0     1774  30.9            100     4999 268.9            100     2069  52.7             16     1666  23.0             34     1626  20.0
la31     30x10 1784            0     2215  24.2            105     8185 358.8            100     2786  56.2             48     1827   2.4             30     1892   6.1
la32     30x10 1850            0     2421  30.9            101     8151 340.6            103     2866  54.9             37     2183  18.0             31     2140  15.7
la33     30x10 1719            0     2139  24.4            120     6770 293.8            100     2769  61.1             16     1917  11.5             39     1878   9.2
la34     30x10 1721            0     2284  32.7            117     8212 377.2            102     2370  37.7             43     1961  13.9              6     1852   7.6
la35     30x10 1888            0     2498  32.3            107     7178 280.2            100     2763  46.3             22     2108  11.7             44     2074   9.9
la36     15x15 1268            0     1677  32.3            100     6198 388.8            100     1606  26.7             21     1665  31.3             17     1484  17.0
la37     15x15 1397            0     2098  50.2            100     5584 299.7            100     1666  19.3             16     1605  14.9             20     1537  10.0
la38     15x15 1196            0     1766  47.7            100     5324 345.2            100     1571  31.4             22     1371  14.6             14     1394  16.6
la39     15x15 1233            0     1794  45.5            100     4818 290.8             46     1571  27.4              4     1599  29.7             13     1435  16.4
la40     15x15 1222            0     1728  41.4            100     4533 270.9            100     1539  25.9             17     1336   9.3             18     1380  12.9
AVG      -        -          0.1        -  29.9           79.8        - 174.8           53.2        -  39.4           14.7        -  15.2           13.6        -  14.4


Descending makespan la35 SPT
7277
7255
7203
7178
7130
7003
6913
6742
6704
6695
6633
6620
6612
6487
6481
6469
6430
6389
6292
6280
6271